0,534
84,5
84,4
84,3
84,2
84,1
84,0
0,533
83,4
83,3
83,2
83,1
83,0
82,3
82,2
82,1
82,0
81,6
81,5
81,4
81,3
81,2
81,1
81,0
0,532
0,531
80,5
80,4
80,3
80,2
80,1
80,0
79,4
79,3
79,2
79,1
79,0
78,3
78,2
78,1
78,0
77,6
77,5
77,4
77,3
77,2
77,1
77,0
76,5
76,4
76,3
76,2
76,1
76,0
75,4
75,3
75,2
75,1
75,0
74,3
74,2
74,1
74,0
73,7
73,6
73,5
73,4
73,3
73,2
73,1
73,0
0,530
72,5
72,4
72,3
72,2
72,1
72,0
0,529
0,528
0,527
71,4
71,3
71,2
71,1
71,0
70,3
70,2
70,1
70,0
0,526
69,5
69,4
69,3
69,2
69,1
69,0
68,4
68,3
68,2
68,1
68,0
67,4
67,3
67,2
67,1
67,0
66,4
66,3
66,2
66,1
66,0
65,3
65,2
65,1
65,0
56,3
48,5
48,4
48,2
48,0
48,1
48,3
46,4
46,2
46,0
46,1
46,3
63,5
63,4
63,2
63,0
63,1
63,3
60,5
60,4
60,2
60,0
60,3
47,4
47,2
47,0
47,1
47,3
0,278
52,7
52,6
52,5
52,4
52,2
52,0
52,1
52,3
45,4
45,1
45,3
3,2
3,1
3,3
